22471164186523512042890563620999806433618452640139540357768660846505670993583140566939465727272513958851783178043061539570926062896280325596461071897025469130359630175694216175874727094923203093449365814101518425738496530217949869005600392922706308769727870068862500037710208101814958692438813601686699900928.000000

22471164188193676120316181690589621388273722481092520090154411515029686333367554315322981909212846945930244317017897809295200337247579451085003569928189374722529838516924954123127836988460800303352741259943174364362857638053858941137680777483712252857608733500858002722804245461972221234313708151934577278976.000000

5617791047504774153855126403582046394069031998524971714022359106426796205785289694193746201457647953286094396795118506989871086450976798131165801402555545122222155973585596327919952959193674193151818425639442226902094204434302304253766253638067465249205542571966496085811036971152210710883142790678686203904.000000

22471164186220418743883847233602140532484895743400122040730781175609240412978519476010515171832245779817157788886381272237049880087292561232448649779721466653142599964125869314366192846373058521226521239960492730349878228560512668802859599743273674986523178962993074888989788599941046025456895484479026495488.000000

1404447761894157660499835903200271809475771606755979730045806109681426275493290484647047749584653004509367861630225184817852101095326860828154171126080586279218069886203826258040980003922761167107298751703088173384159403099456173147233319306196857329135596515443686162052849543847241437270433192465280270336.000000

22471164189919025182300434762971735048444460908397264849891202584576247104405356972516674947572134020754576833127854397674716534092374414483925150824072718414922622446927540227238044400954107431254053342380430668301205385388183610178845254110970973793662185353808577300973397476680894988581721714056960671744.000000

1404447761890782195576335308318807969124848053531118153101594642114360092469518550034924364108394194350228441500757834404626860537745492442406300460801861154914220665064210048446601480272350881435905972801015510894565193188002452414051096134151649052662833760762302243819095921441813798465374873158489735168.000000

22471164186619307388147456335159783182912438299214362849641411719853939504852020644719446330020027478800515960106097253663330192186752892688808993408756797528747806371791025648162196829681853610234391626578817830228842777209819764580420056899197001600475205068312448073437977202423687794313632038303213551616.000000

22471164186977655526123641440543155762606420071655358554824447032786868105863515946874789155621552219109804968647435966638087844226570033998530092166558363977200352141230931866726381885186386214275423390019995283798933777403012328270610871375346023341786880276682457864465252010310469156236002229425740447744.000000

1404447761916178639815067888322194169281769000272274574312116953249498286583518809730240722794237226661758014348463126621204571229570277974421737567136748135056208180877963270633131248291762637210747540449481280279965531950841339061214241984578263208186563732652781136383806518397949797080151241202318966784.000000

22471164190373752448824051488059993866450991615193657776440666142188333711754145236930370047910414381217505219674797457407580241727522984824105776219751379469514342725654699519749037383777671931863633394472658452468490411671014118705913855418199438355887216614544605960593702543818585842238765217418905124864.000000

22471164190615413783103289199654876615477274620869519943682342429957315888236548945827593889405821554074267281951947764227592179532901277546835443524177830238780165826105596606644137215204606693020420475868202077536511651347936596562846028207062073173929076921245961927800486274730746714737493346000998236160.000000

87777985102636211941909094636186154379016887857729911248998482601505014289532471521290742906082124591838713368755278349777642819682758747155730460932697590264567601083401366676322190786494719703561824504524622931856489250651799674371489980037728653048377393467657277012232915680262319027746161503632359424.000000

351111940481325141394946663065343876626264147134320167672521330833721876700119190129789050537945080315776421043856576808138622287016844407027250837415838655415287576620888492890294226413714663048388801586514061997262267922113808184702886300040870017103569594868321877597788455379724973814724638137861013504.000000

351111940470552671286745104081921247734706913975477586504135809513522092902315996647015843124279589421950446903308924753736423145206848640658255337256751348257943569530938618520762341126495492163210096283624877326630339926106836124756154805275841986763030200279902095124836986979180720491347576279588143104.000000

22471164187296690599602766402436426940785358716441240638805054920796050282567104267790043061537277749893802785466567356766132014591319028210974808113227520589156182443769084773547612930577714619048304813521142422874549123653346258321861942507009906856448300135259971141429341613567000161698572719412712833024.000000

22471164188919343698459910466909761943006786615328984693936139522544597485245300187087618553891599812603711731576971829543280286593335389813203596647297530196668220373039104985756122229585811843492697198452915298341606363378594090511058174748408351744663757876086016813335201601152966359594508930504256913408.000000

22471164189507657546501459825791710927628655519448687301974699342053303335898517136453833091563031872091975957187077302599542908416401145359042376250673615867648640130806833057971913754452886437642852076184746028309195575854108213508914153712941119612144187852394390843054968209547884373233557434310699515904.000000

5617791047695554034243163351978514491242332101007151795693308948497097818505809732422635640300949854010078577667622389805648891830729068512928859528593526630455455153014710270190256050154889977022533278130498082956609227448919804761658188737453364813247405552927404889398156896477751706494092336657680302080.000000

22471164188478442615680595513316752646969818607699024035993342597051269773918495708054845702119044748446733578849325189610929722468989438537187567871703639754709118263976212532544497892786322585448422970954395345303169165129227381173417423270798914727310900441251118733797278333993752944413173635271087882240.000000

5617791047406597521628920076846787135081804261436009994364501177799322467837776717975279440959144755364783213761220571190575979989616266423742977784387747299482151188000417548863943460337228689172894307573060519125482123473117865855722323573094029403016040499831122366451251734116297070028702649865327345664.000000

22471164187984681702303253505512024319628069930646766931417912578571247098875741672065923337064175072573682969578327314973910720108106877241048934768005072347672442394746144729084764051844266340851694789740342818111352721052897305320872795540939756378173196556904644557040750668071641664485662678934978822144.000000

22471164188949949909606625395221512418561206534739629059014917263943539047208074831449429117840412143004541300053176895965635978507901707149755612406084965396194918262869712272750827128435208284451046504861361287567283944453031818489387453295821962340205408633241388512442141320051551927118866255896501026816.000000

351111940454044265276457688039787903623764550979866232226999588283128289250300576972036569569520476950187375636345405830519076563842759742253319139191352983025786675640707346597479275117462852419444433244173608460070039659788874700840102693435746778740243620035221710836199190482864856169158713646220574720.000000

5617791046636201914748324770347544982616638926909870015679376794618375793164986404456426893463609865085897400243421205869688399205133377877449307885346389023361832331737257659101278794772911305234294291793689334263740203471739677188289133152438938213860552675005775254446643104694820664395730343068157607936.000000

351111940411126759957885095289830678685212354675338686254114643495464393588502985677386016459758925174168800071619974806268581153125605702573912850882499625835707825494592518359308564063538523406155920101548934096751788090446504211909281098923675019057716456745302277988342625341940626259750243189924036608.000000

351111940442255553823147337152266024016799693183965478121904059578026720167139217199790239241889871717291225465965738979452266126114592853650780260385088523353183185052168750589395928822688755588991225146834193847830098771232954706741711021111376317601883121712696251760860008019710909760417294984455127040.000000

1404447761653071065859734517951151981529195928185939799159283345076348660662107366611810548835064843766731256790122949580579826847563355793426474039328626493331034120800999447779512805449236065641233851711509803024963193805646149772124394605479022848634322106458312323569717690807697262694628427009796079616.000000

22471164190686819959777667637716412490217950112666998181152572012148423272202846294288935751269442887684680055747671713619560276531492501446965195321374925957793301382246095609608144682996212898849396172642129458007439571588607989633904115147400544193295976821091172946046233636510606195800596978816193134592.000000

5617791047515609071935513013759575927434930735890510390052448096555228159127670708251729840129778043841262542857407274798176496459532513503895293124141282901122094752158658558716986165560068776057109511206110056312521147261681098891024491063191145622244129891686562868434238731763276664564124520722582208512.000000

22471164188541615951078143232155205984269217140411474037014275916883679150509739557462228087211303130449489230378055601409665525424699276130615196095050186390054328890507891512107582132162293948176440670406194280677525841683426284651348136620783219218695452158946612878302163202101837696683452099045330255872.000000

5617791047410069036367317030119186938369542712516863567400621101760573460947590943409699020331069466626011966983802846209055597311031250983069039891361395496428792866652136658731332754985821381347131596443891346807869664560913765634157699437026702955648597316637586314878648752281228747336343929477595660288.000000

22471164190280676435988899829643398924978518648665102186910258579740362421103085860353060908702532866496756153754495972399001324711820330178517040979382808192701329612368076055190963503253276560224075526565395413176708605775585136360339293627613606590443142075259261377101551660816594453813698124515918217216.000000

22471164188598612160717680993176582848021766657761945276384161495625138143385640236064276028519957067549045174411914498335418552607629019028468746146016745288683847963793680074112882761369443531656588066412662903912758154792865829270920250876913912703024157179974622483600267605261039349410992648108845826048.000000

22471164187075217190054472381736448401751443332861150741062683286059366371441952957179073791567285426857998733305935748795949083875333516698497742008679446542630010413134724544034413330768754751943927463740951336509998945767616321612683317322130882809446791795211799702195606155016051745379099520491040276480.000000

22471164189118862864603322569681520382197296774682332627813721124324753376703642166888029219137957598019096791025620670598177099861637204507808333221577473353413259258049945152866859886953078795661186555374097197781966558100397388305230470359009598383712337730401609922593303743245848832466448345316722737152.000000

22471164187673734771678517995655490591868713074149873193670219382249003994872130152342468408025043083944844058937860485111702639830334081333552183859646061229429161371538838645253167281157025257694966647244753381763944639054546348378991101736526844949487162397275428887551775066173866316825013158048239190016.000000

1404447761798732481250352206605363203058406998833957560774014125099058314783281183510137218766215538483297541844875884707386105631706574248914409488673523099099356829934504261805665415835677262396547073423567801633571870738489415646165253528636103728263831489183575775155777556116860691572777008714357932032.000000

22471164189138721475683193031807501290692013318414703767855053926862703721765892425212125411592517929775748516251459627944276815189314730265792849478501828112806193330682129209312723189434428295989557967096564598681574770144131029869258923019379042493633395769768805775616717515860190299493990268215505190912.000000

1404447761873904870958832333911488767370230287406810268380537304279029177350658876974307436727100143554531340853421082338500657749838650513666947134408235533394974559366129000474708862020299453078942078290652198446594143630733848748139980273925607670299019987355382652650327809414675604440083276624537059328.000000

5617791047438864022433129200201859255686881700928801720460553665440601461287853817979638499390181947673156968561269334360900184536163663332146588463901709897548547271968803540577834543583778156823270143441469078112301572024327545901998955794562396915034131473720020301762598722572023874526279717680830218240.000000

22471164190033277060819749798590004104402254732111796097294830351539560421298675167266713795517993939489202763836713806044312333482615616696570742093181732304515437621583758951986129300506353878118135901581701659708046802317181832423348648336382916313504493641605072437287500131284711800641182756905282437120.000000

5617791047663324955444758004619910927625624102237473834308389625684721997816528330141249124946146129663557809786969051806203015893467496087737531228960702891860276909635455278582732799764775213204434524068099198720228739096284999668077590032304788967265597979866460212603813828447805696218300837792363577344.000000

22471164190070220064949237462303763563320566613969704620125490670632772570756187959385208320375673511430471450663877534735398336569581546523735907511842014374501689851173882256992453896378693501342071060474452573341388310350298385724872935647281249024523466938960529245273770375615511856387896424529047584768.000000

5617791046483891856326569546320753469487123887788640057053320396660535778542443625443311736988313029146783772509414398716832404171208676237912536277119155051540473277934811826177107880226571060944419535880579121660476264592093628051919652829798871335118025745180816206339553377071936128780345677880523489280.000000

5617791047277384325189255397840388995173908036620595615449834112240520681178338573580817871135144345481333112678070179503824402606902435822826891038799417393296443345809624981589998984782387650164434442329121562493144419153884637523344729523029378801867628561018914475038981693285318728099371140732583673856.000000

22471164189690990447734545350890936184116436918031228206130149383171873569220693327811186458235873648407215741099891576410533320548274343581561240780364964341109589032998877979075018106983596158890427649279876609026357519352325598430295419064688477634965654068592601201758307970143047318709178759202650193920.000000

22471164189369325854647608395645807734888072238434552255113917779851761786525193980228395192163476435503681376744574977608771926571041415682066816274047783870309518465064453464779674006213455898169543277543116324153231236482130455036269726186287233053488053911837572292999409558301652505929142290982597820416.000000

22471164190096959335496228870980429816743477658658593298387174713045052947436740505706522766447027485773159037469222000166993405524612667261685410682911767428669210880127619532995816066729837212965121913595232171688373337571999035257945417508316387462982499610560730897623638317183415354327744958402056421376.000000

1404447761750111940209796243193590535919411139328398759834249721146611105319470916938060626969882289045804286820369731443717660017099114435356527428103859931119577444506052373607258577112888308310548536965497882125752832740083133355843707450146781630622622963465304646938433942921163798917876550185005350912.000000

22471164187244199999462003271389864338432489862153666670655602387454533290091005595033889306607133355401346466527917650414129751966402553091880056599950080370861291377414668624348999377285303376974318066958238639592167618452321658006892263615782129962888116573917533861578509229671806133274014671951609462784.000000

1404447761629562249963754072169633910127276853919846859586169756519134672557243426226100883819564991231002765801588562025056475089131033568777247311498185483016393180703995755958353806429818162339502085494515377509621405725921580530537006040749899980757454011331175712700213179995320825950419132761606455296.000000

22471164186423410672165849748846181060196090001858427339801520473511610736638702204502777834553069392092500034454925569149455588297318887969153191206971095968816654455808066291347865392817465989030323788479372446630973929710064362207223805668351588233738858414142730388625854557546386202110535697868766838784.000000

5617791047243201817687892943466126756764315232104379136143763585359399242375521750160264607200953593526086427604975647584529773264920825373954422509371145190303693823677731784430074859286381346301472017993017656283850208435641359899031181265987677988791827464738809703657033979029615259446372942667550031872.000000

5617791047530612801462440269943702709305185169810922454902771648623473558022692448648854777494316465346853431740346406642327713542529076306473041964485889625115700972360914201363395952133289365878067509962255652921848256210300963258620862206339617591724688063640622649851677227806323094552018631817215082496.000000

22471164188676849100851442009793512658372810729551789365793231431252037995289178942225539419898727419796356493894616722251710898421192738597613775017517720823176613355470224296492565319888931010337207095510222915497144276613404397040760988996158355829547320510948901623149797242093419802424022133298018910208.000000

22471164187449082986437289933655449279289286525153320879795604281377477277263397581793697812780288215348992984423244099294920332565672543713578600957193260051814220746867618806705793077408211211769189149407473919928778774969857032354162696565553515400470650546906427358273839966126602444601885636290756476928.000000

22471164190136926037694661635208848680322040350944094009877394750313641455966545673841198771864371269032149067383536082665048360241873215332402992395968069343929864629319527646596661557402100905837045282413564805157182829649965484737309212937853886789733171694814810993783825331917303583194732597200862314496.000000

22471164187391752473545905107065619973107303337343033342339595763497816607724388670199761819990615297790217023909452737509320903139789435432361994979288527341908488964318926643750273141350244940720699822600652202256291750753148604823839349563632683032884480478482035310223833873830425696826394004605577986048.000000

5617791046602432296710997311134319156312055618372008740352808853016152693822948779246004021470528376309762004180989531669084662185605364226685688280606682236534852984105443163114946425126234566987455670050558839467622520277772519875388488025458938782718411767860754768702305312470231958656432922420177797120.000000

1404447761706689627625433130491271005773167008269367825310141354969055452103189694901228372988013018409373023124216429624806377637370057210678103619523393834187549598912805825184230120756016672393105639043888532743492357658715105952940350401112520209304814507756640737220576576203300730287506498577760256000.000000

5617791047616915431247108472999488835882789365455886631718076377039970578969730537368133619903940278972211865250075935721929152277497499490638666446368327337638284939014826646668892085643003343875473570981767562384178266163677579166213357543043157804601467053066427441766118513741990728833897744736509231104.000000

22471164186468292131126511760610803741580505909112869150020562824976149267753009006921181163982408634341515679783172157422864367034117718168417192144416968094630584602372512418918352931968154118541303901153642363990766861200864388807333336241221726366588083807134671770019223121532818738772028058792020148224.000000

22471164189168893591562584158560216505181347725437228462284686956246368479703436975987454475857022031819083436462677762384443895236165483597082389630668052542466764269678816895073561227149182172493493124555298360802160412915100208396314212777483069763154159077319919675926411757819718654045634993785589989376.000000

1404447761875258612018783930583738816424494805565450706805779541964601451972443242102839182509845847074563142662550587895024195190753351193871262226608433774766279942677942929322565215601824864211565512623052182543723528814179950161918992726794071189161572012306591779502944630817295835413176233397520957440.000000

22471164185936640189472653097181779178281752851883821483265765645070700733312584503165126516138611531493587381726993116432508370151028340137068906665069267511003471208627669307757642729457412420302954488627927162821155250727520927518298238787029513100178893804457924902845659227160127282812569021427430195200.000000

5617791046622636437644455971627693074332716664781130307893604544140975667376545979878880028328977728914189641962579581426294278339022002712996945178433552465045365118177270120542939384315331166033852137115182237229617131488347506835976983486514459275707819874872719042032721950349282758998461598625679015936.000000

5617791047399365095307243635929297354462937017682223067859498188533302612267994871382119282425756513937329275139398066498824337434975921301582536499359643725678116530141032928306586963616948261854810297198257379023979082428547033331335579319022293413737001899815355937064960713160395573431611690759351173120.000000

22471164189525505348469474057707448040614987448325745484871143421118189864614011903796871302721313858698393851944068747430447099805120368885753585961984775911454802235783044708702278838115144518716868292197626905951883659894418574281409072096393758200382284487272898271764704657950271164077154785619479625728.000000

5617791046476819097229655882988196198685299591120138526649152243997836126752056755801501095580187584356569244743679041420828297016187848910791166479583910611480301406589052806073587470360412036644051074544750593827512787061442261992369318245358246454260462988697650346625812416599366020862873146295341547520.000000

22471164189724760065771872810104162010421020226569089481456717324774096668562730953021609330228955137183351137162323250611137057567802357232324860385104671127936568380630692475061350476630272897137266271023007103822475202546292755743196064191668477066107794975737621687502645762367636024448476179850630004736.000000

1404447761655818464785828405691885207091985701274542025034976529598323260850524841106711419681871949966104713122403747542563785579297636602594872095602237759509610584053033705588684534325817238660909607636053424286356855051018219215891521928623727663464795117243880719693088848733770571810718947435962433536.000000

22471164190725434480166390629272434161283430346823988194413847026932643804975900251366870533532217361922048824974497766609878290833225258190945640374726077084160617158150736919365565813122635959915040985536645843827054635158068957489184566187249571320602275355428541967792012326526281726787066059548272885760.000000

22471164187475428078523148235169313399101372794225411236433352320925310900863568778766368138448649660493495775677623419593263673502892979895025396393515017119551580521615842881588747408338242709692254740838284944237806754766568999052170292054686848290014164729785521354244599945876281576738926177221804556288.000000

5617791047259093696152563149966440624491871059186691216804980916033613274793428049849271233574766321326321539374899536817526656008300955911437006498894780845747536793862029829600947878985652240408472758278459533636928639430438256477280081196459205498866845016342960153878032186511192538964644556846600814592.000000

351111940451182651270150192309832936419388880684260536972535390272938797198204566718479916208792473742241782143826487294916885722517368791614100902655515822836097428090596182213664056376971593745006333890871292387440801975016405661865289742356677816528197312972670973614055650423939748021993487986673582080.000000

351111940419306430801469616117930808072181066732942782009675867493095809665925930883288671610306824386026470090639179135877916630313383056045251876651930580004944073266355579109100829962322391478753563690971966318741009161443858976414373734840137554880178640218635563586295382075418476595788416347487076352.000000

351111940480822127266934240712812356440931581414465980347039706925215062840423686570166450688240215128535855202316403469582421897199886978515488514513530486023001102701985966460533273101804852369531026977400683893445244586269864028880369118175670372799193548739250161031727424989854798150223615499108876288.000000

5617791046536895137946844408518935302580654079982872601745297288158026237841443357004189332062855934716626012243781429909867768743340946777015556394768197644591048760360322676832960743652137745520602303185815449023871524513594015218824990894607794053375291897866213127873339470800327038043366019959177084928.000000

22471164187300342987369214939691758102850216131017144074611651808096999944020764365552163265777664222970654308799560853443856886857615497772493568389626673273547043685268270383929113417365741713078547997787686678517391639034254053704994813699821573461589560056068209172688924247123205677744844248950880862208.000000

1371531017414025975296883361200684244251950719674735086114985944418548834788913574102577403720961455868540732245465669949050070182972608984408487744264464188036730770579114752205593940561933939187556411910864731879096234768556763402699949995448346328824433627336201286406226069859807565704426247067533312.000000

1404447761926952435285974997705491726233330984456727434647355107490721724416600184174035874441852652879232948442406033317075377842959146691237834734916625776819824486488778201256430327659313870523319392399666640931342173120547837942402291333046283860032554831020524263429235208980240453532216541960910929920.000000

22471164187909777815486415470980560651707797379262255485613769857038656500867073109764081115675265600128744351716444292943848175761600591643344523197917531230082812671541534916178909806404563150165887846831377837632729987585427600004492109275244757639948341459673402309405703543828803950159667868242385305600.000000

5617791046536772892727885406930471349751980573620700970355595616383609206822844077775812358013826606041239588307089707684998561953007253465188767287156477370318403814435828076485492489654451046335163835952850511505770921198249423706684614741296474610990099455161565816717793330742776443585533161388569001984.000000

1404447761622887723378602258399496199943350688946480975316310366244012950896324106519589721647690701334840440503086187589149248217926855117173249173198060405829097829627572461986764417877551777987615569710973138479245862975104508759260294792479058079302673778658812445704922272720434669876448030754655436800.000000

1404447761830153244723395992440245935726335077984378204398457087607125603839375514975316803674376354853793792266588039015860083608394337836720438382873747473116229716588529651115643476526802423437460860476157711260470818801906921761511528281277179587861917604360730067982835942949941546658000218255653863424.000000

22471164189301651899352059883632069277120775634755620151500702503263264165902254218004848293102872973288739831709888098592402469538556420240975360496996270402559175543679952872424085068636937487879668539555220505459415613379326590580762715273575984193473151854566899590849519860319664235252119401465968066560.000000

22471164190295989520763804967398332444619293792563254706705949627727540714820685368593425535497267956486998401171103952322413391631579708708982990826744829488323669981440481298716680708106357368391857401584554321056331119032423967003556208505672356332490309694057734762259555899046095449368352938932089913344.000000

1404447761864797290296338350770953710325817651418997781808503314044719506692005943645864765548779878338560649345559481375987432464901116911877722930836065609587332605986371849587437540585503407898507293753047606058512205302573657135742823239596310948718547310852258361074498675790274810713020433372983328768.000000

22471164190343480540929183625316695833326005366242829709448011339927593826454478825560447535442621031275895667678524855845070952055910032870916816387902118081263857545086995833704551791779092178473626018864565557680067541703845273638335809616575966643603030904785616704238664514056975369762358974648323932160.000000

5486124069601504561274413524955172108006933651788717423961910548628977034740811599751704366841519406865675731253270505839899284742309083006067917492275147756070919402451857584098657127538755923856635685821856323693968433204289870837723034520550473094846617695878236135513162176447010932913701540474126336.000000

22471164187415747463667286276001258714049788729003579275118181051790530981946590050169756440471514954930352236625799357076505207413860094068077456959074764034853368350069723911953327568896177037976764676614055652237753030079358424492536040227883099295349397089365664671326747650841070951835300815464935981056.000000

22471164190761738815396827182646463580933570440340755132841167999612575139315833135679966989888845747314359868377312905717974152321713116837954519843414922619171418241686357822556546061578489971068113948273498308386237889135507644931363214819623459597935345278653596497088082328923756227815306017088861110272.000000

22471164186658470764621301374664010356474003663977021411999306485462073238116744835067645077400892816478395204150722875826530359424677741853236246700364651927359650476336254959479679508369318994173433639294809445721562590358378898408575666178402973162980326814793131553433146725350814973886289463638023471104.000000

5617791047582270138273972655468898776050361143997163262150992378441413237025073585440153239926995639888716575273791312522772525800681192932707639152409971239184808121597346748193552427155754535953351234978010678427788914323058347960225528134180033388210294566547300706723888983554131438304818010654173560832.000000

22471164190492220539997258619280387009765075760379006514631963813208071159697112041801982082445245023654234343302208101696134397763967078812001848955468704859531034606686344256481231451821561677164267170484352799091454677639448252287503692482307908582484121395623834889823580233060372136619400361988199546880.000000

22471164189858960368184987370239936511645617251751464904208397489864727945144209080630878474012335710783075961703570636736940560948007063962664445622852773039653240445333009656510581477519312133527185238281168715529978335995604319438198391516617363694358241464888400497280971598607668209667764511078180978688.000000

5617791046910410414875299925271014029660770177501877144350604306245410758803434946280303866461805239964930619216085964641612006126702751132674703718395343836728185320575023238508028455869655812783535322602714078946873093189183397236718189535168378039192629461805678595842303227256064298055427306592149700608.000000

1404447761794962214165621774961156086480185845980245766127347768587063659133114637920653503835693641326609109715786798741394498246159757565276959715648783007374159390579556001089106255549880851294631081468093070526846630732070764162039876759417093375108278855767284979567632573219445673727880936983103537152.000000

22471164187403233544926503582782173257139047751194336355715250733005310010736508731607738035779043268486713410779969179934792120468680386881890229126821929427678122457064317476383924261704412076463308520684420415690964739675920240310982432370544766172816227852498095023240636660459973364070206558522688143360.000000

